0.032932408895188774,0.033081447481347656,0.033160359015895126,0.03321024400908571,0.03324512821050794,0.03327116573623091,0.033291505570592954,0.033307936933327696,0.03332155699961479,0.03333307883283225,0.03334298757963422,0.03335162577739979,0.03335924278725641,0.033366024863671545,0.03337211420255746,0.03337762143005903,0.0333826340366304,0.033387222221085956,0.03339144303236902,0.03339534336400526,0.03339896215786404,0.03340233205204935,0.03340548063094712,0.033408431385916725,0.03341120446239719,0.03341381724722812,0.033416284835032097,0.03341862040187154,0.033420835507262665,0.033422940340139116
0.03293240889518869,0.03308144748134745,0.033160359015895056,0.03321024400908573,0.03324512821050775,0.03327116573623117,0.033291505570593106,0.03330793693332775,0.033321556999614706,0.033333078832832416,0.03334298757963419,0.03335162577739999,0.03335924278725618,0.03336602486367156,0.033372114202557146,0.033377621430059005,0.03338263403663028,0.03338722222108558,0.03339144303236869,0.03339534336400521,0.0333989621578645,0.033402332052049344,0.033405480630947414,0.033408431385916496,0.03341120446239711,0.033413817247228354,0.03341628483503212,0.03341862040187172,0.03342083550726281,0.03342294034013924
0.04496014203955226,0.040638023040922455,0.038349588538996844,0.03690292373649787,0.03589128189527807,0.03513619364929321,0.03454633845279306,0.03406982893347087,0.033674847011166485,0.03334071384786096,0.03305336019064316,0.03280285245542825,0.0325819591695666,0.03238527895347729,0.032208688125859954,0.032048978528297044,0.03190361293770717,0.03177055558850496,0.03164815206131844,0.031535042443864875,0.03143009742192638,0.031332370490553464,0.031241061702516344,0.031155489808392306,0.03107507059054262,0.030999299830340984,0.0309277397840623,0.030860008345742193,0.030795770289421837,0.030734730135991414
0.03293240889518892,0.03308144748134759,0.03316035901589566,0.033210244009085656,0.0332451282105077,0.03327116573623111,0.03329150557059312,0.03330793693332768,0.033321556999614824,0.033333078832832486,0.03334298757963412,0.033351625777399856,0.03335924278725608,0.03336602486367191,0.03337211420255733,0.033377621430059144,0.03338263403663019,0.033387222221085575,0.03339144303236912,0.03339534336400505,0.03339896215786462,0.03340233205204954,0.03340548063094774,0.03340843138591734,0.03341120446239664,0.03341381724722865,0.03341628483503154,0.03341862040187143,0.0334208355072631,0.03342294034013964
0.03293240889518875,0.033081447481347635,0.03316035901589525,0.03321024400908554,0.03324512821050738,0.03327116573623119,0.03329150557059267,0.03330793693332751,0.03332155699961485,0.03333307883283233,0.033342987579634144,0.03335162577739969,0.0333592427872562,0.03336602486367171,0.03337211420255672,0.03337762143005872,0.033382634036629714,0.033387222221085616,0.033391443032368386,0.03339534336400472,0.03339896215786445,0.03340233205204898,0.03340548063094756,0.033408431385917065,0.03341120446239654,0.03341381724722838,0.03341628483503224,0.03341862040187094,0.03342083550726264,0.033422940340139616
0.03293240889518918,0.03308144748134766,0.03316035901589544,0.03321024400908576,0.03324512821050756,0.03327116573623115,0.033291505570592926,0.033307936933327606,0.033321556999614914,0.03333307883283287,0.03334298757963379,0.03335162577739952,0.03335924278725608,0.03336602486367207,0.03337211420255734,0.03337762143005927,0.033382634036630394,0.033387222221085776,0.033391443032368726,0.0333953433640047,0.03339896215786396,0.03340233205204917,0.0334054806309476,0.03340843138591723,0.03341120446239742,0.0334138172472285,0.03341628483503205,0.03341862040187115,0.03342083550726262,0.03342294034013946
0.03293240889518923,0.03308144748134765,0.03316035901589542,0.033210244009085614,0.033245128210507804,0.033271165736231276,0.033291505570592655,0.033307936933327745,0.033321556999615365,0.03333307883283306,0.033342987579634005,0.03335162577739994,0.033359242787256146,0.03336602486367181,0.03337211420255706,0.033377621430058964,0.03338263403663104,0.0333872222210855,0.033391443032369295,0.03339534336400551,0.03339896215786435,0.03340233205204923,0.03340548063094772,0.033408431385917335,0.03341120446239726,0.03341381724722899,0.033416284835032124,0.03341862040187136,0.03342083550726275,0.033422940340139554
0.032932408895189,0.033081447481347684,0.03316035901589512,0.03321024400908563,0.03324512821050746,0.03327116573623074,0.03329150557059314,0.033307936933327786,0.033321556999615164,0.033333078832832694,0.033342987579634054,0.033351625777399474,0.0333592427872559,0.03336602486367121,0.033372114202557056,0.033377621430058624,0.03338263403663025,0.03338722222108579,0.03339144303236893,0.03339534336400566,0.033398962157864406,0.033402332052049,0.03340548063094731,0.03340843138591746,0.03341120446239733,0.033413817247228514,0.03341628483503215,0.03341862040187047,0.03342083550726278,0.03342294034013962
0.03293240889518935,0.03308144748134766,0.033160359015895105,0.03321024400908569,0.033245128210507416,0.03327116573623112,0.033291505570592995,0.033307936933327904,0.03332155699961527,0.033333078832833006,0.03334298757963363,0.033351625777400085,0.03335924278725578,0.03336602486367169,0.03337211420255741,0.033377621430059144,0.03338263403663051,0.03338722222108614,0.0333914430323693,0.033395343364005174,0.0333989621578647,0.03340233205204904,0.03340548063094721,0.03340843138591702,0.033411204462397634,0.03341381724722888,0.033416284835032076,0.0334186204018703,0.03342083550726262,0.03342294034013919
0.03293240889518882,0.033081447481347795,0.03316035901589536,0.033210244009085226,0.03324512821050751,0.033271165736231165,0.03329150557059293,0.033307936933327224,0.03332155699961505,0.03333307883283282,0.03334298757963375,0.03335162577739993,0.03335924278725606,0.03336602486367205,0.03337211420255755,0.03337762143005928,0.033382634036630596,0.033387222221085894,0.0333914430323693,0.03339534336400498,0.03339896215786474,0.03340233205204926,0.033405480630947726,0.033408431385917293,0.03341120446239653,0.03341381724722828,0.03341628483503186,0.03341862040187076,0.0334208355072625,0.03342294034013922
0.0329324088951886,0.03308144748134828,0.033160359015895355,0.03321024400908558,0.0332451282105082,0.03327116573623203,0.03329150557059373,0.033307936933328265,0.033321556999615275,0.0333330788328325,0.033342987579634095,0.03335162577740017,0.03335924278725625,0.03336602486367165,0.033372114202558076,0.03337762143005865,0.03338263403663034,0.03338722222108562,0.033391443032369086,0.03339534336400539,0.03339896215786469,0.03340233205205047,0.033405480630947705,0.03340843138591744,0.033411204462397336,0.03341381724722841,0.03341628483503253,0.03341862040187171,0.033420835507263005,0.033422940340139484
0.03293240889518902,0.03308144748134808,0.03316035901589476,0.033210244009085205,0.033245128210507756,0.033271165736231026,0.03329150557059347,0.03330793693332801,0.03332155699961484,0.03333307883283226,0.03334298757963357,0.033351625777399925,0.033359242787256944,0.03336602486367207,0.033372114202558284,0.033377621430058874,0.03338263403662995,0.03338722222108606,0.03339144303236906,0.03339534336400508,0.033398962157864885,0.03340233205204918,0.03340548063094799,0.0334084313859171,0.0334112044623973,0.033413817247228216,0.033416284835031895,0.03341862040187133,0.033420835507262395,0.03342294034013903
0.03293240889518906,0.033081447481347816,0.03316035901589547,0.033210244009085954,0.03324512821050804,0.03327116573623137,0.033291505570593585,0.033307936933328744,0.033321556999615816,0.03333307883283366,0.03334298757963321,0.03335162577740042,0.033359242787256785,0.033366024863671864,0.033372114202558395,0.03337762143005953,0.03338263403663049,0.033387222221086005,0.033391443032369676,0.03339534336400586,0.033398962157864344,0.03340233205204904,0.03340548063094896,0.033408431385917536,0.03341120446239751,0.03341381724722893,0.03341628483503181,0.03341862040187101,0.033420835507263054,0.033422940340139484
0.03293240889518833,0.03308144748134732,0.03316035901589513,0.033210244009084934,0.03324512821050814,0.03327116573623063,0.033291505570593696,0.033307936933328106,0.033321556999615455,0.03333307883283249,0.03334298757963316,0.03335162577740039,0.033359242787256535,0.0333660248636724,0.03337211420255781,0.03337762143005849,0.03338263403663077,0.03338722222108515,0.03339144303236894,0.033395343364005,0.03339896215786435,0.03340233205204912,0.03340548063094766,0.03340843138591603,0.03341120446239688,0.03341381724722886,0.03341628483503206,0.033418620401870956,0.03342083550726275,0.03342294034013934
0.032932408895188094,0.03308144748134729,0.0331603590158949,0.03321024400908543,0.03324512821050775,0.03327116573623181,0.03329150557059403,0.033307936933327745,0.03332155699961518,0.033333078832832215,0.033342987579633845,0.03335162577740015,0.03335924278725653,0.033366024863672024,0.033372114202558575,0.03337762143005985,0.0333826340366302,0.033387222221086234,0.03339144303236922,0.03339534336400444,0.03339896215786487,0.03340233205204948,0.03340548063094708,0.033408431385916655,0.033411204462397356,0.03341381724722845,0.033416284835031236,0.03341862040187089,0.033420835507262686,0.03342294034014001
0.03293240889518862,0.03308144748134819,0.033160359015895556,0.03321024400908613,0.03324512821050744,0.03327116573623162,0.03329150557059435,0.033307936933328515,0.03332155699961573,0.03333307883283305,0.03334298757963417,0.033351625777400175,0.03335924278725709,0.03336602486367162,0.03337211420255804,0.03337762143005887,0.03338263403663085,0.03338722222108641,0.03339144303236889,0.033395343364005695,0.033398962157864455,0.033402332052049996,0.0334054806309483,0.03340843138591785,0.033411204462397225,0.03341381724722819,0.0334162848350315,0.03341862040187091,0.0334208355072628,0.03342294034013887
0.03293240889518824,0.03308144748134752,0.033160359015895514,0.03321024400908511,0.03324512821050769,0.033271165736231276,0.03329150557059345,0.033307936933327835,0.033321556999614886,0.033333078832833304,0.03334298757963311,0.03335162577740042,0.03335924278725612,0.03336602486367219,0.03337211420255821,0.03337762143005818,0.03338263403663008,0.033387222221086615,0.033391443032368684,0.033395343364005,0.03339896215786489,0.03340233205204926,0.033405480630948385,0.03340843138591789,0.03341120446239657,0.03341381724722844,0.03341628483503126,0.033418620401871116,0.033420835507263554,0.03342294034013914
0.0329324088951883,0.03308144748134749,0.03316035901589481,0.03321024400908568,0.03324512821050793,0.03327116573623076,0.0332915055705926,0.03330793693332814,0.03332155699961487,0.03333307883283318,0.03334298757963364,0.03335162577739976,0.03335924278725561,0.03336602486367108,0.03337211420255823,0.033377621430058714,0.033382634036630304,0.03338722222108625,0.03339144303236784,0.0333953433640046,0.033398962157864844,0.03340233205204912,0.033405480630947476,0.03340843138591626,0.033411204462396954,0.03341381724722799,0.033416284835031757,0.033418620401870644,0.033420835507262325,0.033422940340139574
0.032932408895188524,0.03308144748134693,0.033160359015895126,0.03321024400908467,0.033245128210508255,0.03327116573623062,0.0332915055705932,0.03330793693332771,0.03332155699961473,0.03333307883283238,0.03334298757963348,0.03335162577740011,0.03335924278725583,0.03336602486367087,0.033372114202558555,0.033377621430057854,0.03338263403663028,0.03338722222108554,0.033391443032369024,0.03339534336400441,0.0333989621578648,0.03340233205204976,0.03340548063094725,0.03340843138591683,0.0334112044623965,0.03341381724722785,0.03341628483503076,0.033418620401871234,0.033420835507262256,0.03342294034013884
0.032932408895188184,0.033081447481347066,0.03316035901589503,0.03321024400908474,0.03324512821050721,0.0332711657362302,0.03329150557059287,0.03330793693332725,0.033321556999615434,0.03333307883283136,0.03334298757963271,0.033351625777399925,0.03335924278725567,0.033366024863671566,0.033372114202557486,0.03337762143005809,0.03338263403662932,0.0333872222210855,0.033391443032368316,0.03339534336400397,0.033398962157864635,0.03340233205204896,0.033405480630948,0.0334084313859164,0.03341120446239699,0.03341381724722728,0.03341628483503128,0.0334186204018715,0.033420835507262416,0.03342294034013831
0.03293240889518798,0.03308144748134801,0.03316035901589509,0.03321024400908519,0.033245128210508346,0.033271165736231414,0.03329150557059376,0.033307936933328675,0.03332155699961568,0.03333307883283193,0.03334298757963356,0.033351625777400334,0.033359242787255605,0.033366024863671954,0.03337211420255777,0.03337762143005844,0.033382634036629937,0.033387222221086026,0.033391443032368295,0.03339534336400496,0.03339896215786547,0.033402332052048594,0.0334054806309482,0.033408431385917516,0.033411204462396926,0.03341381724722764,0.03341628483503162,0.03341862040186998,0.03342083550726221,0.03342294034013799
0.032932408895188,0.03308144748134722,0.033160359015894036,0.033210244009085045,0.03324512821050745,0.03327116573623102,0.03329150557059303,0.03330793693332723,0.03332155699961535,0.03333307883283234,0.033342987579633235,0.03335162577740025,0.033359242787255335,0.03336602486367076,0.03337211420255804,0.03337762143005893,0.03338263403662975,0.033387222221085325,0.033391443032369086,0.03339534336400431,0.03339896215786428,0.033402332052048574,0.03340548063094776,0.03340843138591618,0.03341120446239728,0.03341381724722709,0.03341628483503091,0.03341862040187148,0.033420835507261805,0.03342294034013804
0.032932408895187525,0.033081447481347864,0.033160359015895105,0.03321024400908551,0.03324512821050827,0.03327116573623067,0.033291505570593016,0.033307936933328404,0.03332155699961443,0.03333307883283205,0.03334298757963333,0.033351625777400494,0.03335924278725656,0.03336602486367185,0.03337211420255736,0.03337762143005877,0.033382634036630186,0.03338722222108667,0.0333914430323686,0.03339534336400463,0.03339896215786566,0.03340233205205013,0.033405480630947164,0.03340843138591788,0.03341120446239706,0.033413817247228486,0.03341628483503153,0.03341862040187152,0.033420835507263366,0.03342294034013919
0.03293240889518768,0.03308144748134712,0.03316035901589578,0.03321024400908654,0.033245128210507575,0.03327116573623084,0.033291505570593106,0.03330793693332787,0.033321556999615996,0.03333307883283257,0.03334298757963398,0.033351625777399814,0.03335924278725605,0.033366024863671656,0.033372114202558034,0.03337762143005809,0.03338263403663092,0.03338722222108566,0.03339144303236878,0.03339534336400493,0.033398962157864864,0.03340233205204883,0.033405480630947164,0.03340843138591707,0.033411204462396336,0.033413817247227064,0.0334162848350314,0.033418620401870144,0.03342083550726298,0.03342294034014006
0.03293240889518828,0.03308144748134772,0.03316035901589449,0.03321024400908519,0.033245128210508706,0.033271165736230845,0.03329150557059281,0.03330793693332777,0.03332155699961542,0.03333307883283285,0.033342987579632326,0.03335162577740028,0.03335924278725646,0.033366024863670476,0.033372114202558756,0.03337762143005883,0.033382634036630277,0.03338722222108657,0.03339144303236757,0.03339534336400479,0.033398962157864816,0.0334023320520492,0.03340548063094795,0.0334084313859171,0.03341120446239608,0.03341381724722748,0.03341628483503097,0.03341862040186983,0.033420835507262714,0.03342294034013901
0.03293240889518725,0.03308144748134679,0.033160359015895445,0.0332102440090866,0.033245128210507374,0.03327116573623155,0.03329150557059384,0.03330793693332905,0.03332155699961415,0.03333307883283271,0.03334298757963234,0.033351625777400924,0.033359242787256334,0.033366024863670594,0.03337211420255757,0.03337762143005791,0.033382634036630825,0.033387222221086324,0.033391443032367726,0.0333953433640048,0.03339896215786537,0.033402332052048636,0.033405480630948683,0.03340843138591642,0.03341120446239594,0.033413817247227154,0.033416284835030514,0.03341862040186975,0.03342083550726307,0.033422940340138325
0.032932408895188274,0.033081447481347226,0.033160359015895625,0.03321024400908511,0.033245128210508824,0.033271165736231956,0.03329150557059254,0.033307936933327585,0.03332155699961533,0.03333307883283229,0.03334298757963246,0.033351625777401576,0.03335924278725524,0.03336602486367129,0.033372114202558936,0.03337762143005944,0.03338263403662909,0.033387222221086615,0.03339144303236873,0.03339534336400492,0.03339896215786449,0.03340233205204958,0.03340548063094768,0.03340843138591679,0.033411204462396996,0.03341381724722801,0.03341628483503104,0.033418620401870096,0.03342083550726248,0.03342294034013886
0.03293240889518801,0.03308144748134857,0.03316035901589459,0.033210244009086655,0.033245128210507575,0.03327116573623045,0.03329150557059362,0.033307936933327294,0.033321556999614865,0.033333078832832236,0.033342987579634185,0.03335162577740077,0.03335924278725656,0.03336602486367176,0.03337211420255744,0.03337762143005838,0.03338263403662968,0.03338722222108679,0.03339144303236901,0.0333953433640054,0.03339896215786425,0.03340233205204926,0.03340548063094919,0.033408431385916704,0.03341120446239656,0.033413817247228826,0.03341628483503091,0.033418620401871005,0.033420835507262506,0.033422940340138554
0.032932408895187636,0.033081447481347406,0.033160359015895285,0.03321024400908589,0.0332451282105073,0.03327116573623033,0.03329150557059299,0.03330793693332912,0.03332155699961445,0.03333307883283158,0.03334298757963257,0.033351625777399356,0.0333592427872559,0.03336602486367046,0.03337211420255677,0.03337762143005849,0.03338263403663044,0.03338722222108592,0.03339144303236778,0.03339534336400483,0.033398962157864316,0.03340233205204853,0.0334054806309483,0.03340843138591772,0.03341120446239654,0.03341381724722913,0.03341628483503156,0.03341862040187093,0.0334208355072624,0.03342294034013913
0.03293240889518737,0.03308144748134789,0.03316035901589385,0.03321024400908489,0.03324512821050865,0.033271165736231026,0.03329150557059345,0.03330793693332804,0.033321556999613956,0.03333307883283373,0.03334298757963439,0.033351625777400334,0.03335924278725696,0.033366024863672086,0.033372114202557805,0.03337762143005846,0.03338263403663133,0.03338722222108677,0.03339144303236971,0.03339534336400459,0.03339896215786398,0.03340233205204891,0.03340548063094739,0.03340843138591736,0.033411204462396316,0.033413817247227334,0.033416284835032284,0.03341862040187203,0.03342083550726264,0.03342294034013996
